///////////////// linux x86_64 进程地址空间映射 /////////////////
https://blog.csdn.net/wu_roc/article/details/77203480

举例:
mercury@mercury:~$ pmap 2398 -X
2398:   /usr/libexec/gsd-sound
         Address Perm   Offset Device    Inode   Size  Rss  Pss Referenced Anonymous LazyFree ShmemPmdMapped FilePmdMapped Shared_Hugetlb Private_Hugetlb Swap SwapPss Locked THPeligible Mapping
    55621871f000 r--p 00000000 103:02  1056456     12   12    6         12         0        0              0             0              0               0    0       0      0           0 gsd-sound
    556218722000 r-xp 00003000 103:02  1056456      8    8    4          8         0        0              0             0              0               0    0       0      0           0 gsd-sound
    556218724000 r--p 00005000 103:02  1056456      4    4    2          4         0        0              0             0              0               0    0       0      0           0 gsd-sound
    556218726000 r--p 00006000 103:02  1056456      4    4    4          4         4        0              0             0              0               0    0       0      0           0 gsd-sound
    556218727000 rw-p 00007000 103:02  1056456      4    4    4          4         4        0              0             0              0               0    0       0      0           0 gsd-sound
    55621924a000 rw-p 00000000  00:00        0    396  296  296        296       296        0              0             0              0               0    0       0      0           0 [heap]
    7fa984000000 rw-p 00000000  00:00        0    132    8    8          8         8        0              0             0              0               0    0       0      0           0 
    7fa984021000 ---p 00000000  00:00        0  65404    0    0          0         0        0              0             0              0               0    0       0      0           0 
    7fa98c000000 rw-p 00000000  00:00        0    132  100  100        100       100        0              0             0              0               0    0       0      0           0 
    7fa98c021000 ---p 00000000  00:00        0  65404    0    0          0         0        0              0             0              0               0    0       0      0           0 
    7fa990000000 rw-p 00000000  00:00        0    132   28   28         28        28        0              0             0              0               0    0       0      0           0 
    7fa990021000 ---p 00000000  00:00        0  65404    0    0          0         0        0              0             0              0               0    0       0      0           0 
    7fa994000000 rw-p 00000000  00:00        0    132    4    4          4         4        0              0             0              0               0    0       0      0           0 
    7fa994021000 ---p 00000000  00:00        0  65404    0    0          0         0        0              0             0              0               0    0       0      0           0 
    7fa999003000 ---p 00000000  00:00        0      4    0    0          0         0        0              0             0              0               0    0       0      0           0 
    7fa999004000 rw-p 00000000  00:00        0   8192    8    8          8         8        0              0             0              0               0    0       0      0           0 
    7fa999804000 r--p 00000000 103:02  1707189     72   72    1         72         0        0              0             0              0               0    0       0      0           0 libgvfscommon.so
    7fa999816000 r-xp 00012000 103:02  1707189    104  104    1        104         0        0              0             0              0               0    0       0      0           0 libgvfscommon.so
    7fa999830000 r--p 0002c000 103:02  1707189     52   48    0         48         0        0              0             0              0               0    0       0      0           0 libgvfscommon.so
    7fa99983d000 r--p 00038000 103:02  1707189     24   24   24         24        24        0              0             0              0               0    0       0      0           0 libgvfscommon.so
    7fa999843000 rw-p 0003e000 103:02  1707189      4    4    4          4         4        0              0             0              0               0    0       0      0           0 libgvfscommon.so
    7fa999844000 r--p 00000000 103:02  1706556     44   44    0         44         0        0              0             0              0               0    0       0      0           0 libgvfsdbus.so
    7fa99984f000 r-xp 0000b000 103:02  1706556    128  124    2        124         0        0              0             0              0               0    0       0      0           0 libgvfsdbus.so
    7fa99986f000 r--p 0002b000 103:02  1706556     44   40    0         40         0        0              0             0              0               0    0       0      0           0 libgvfsdbus.so
    7fa99987a000 ---p 00036000 103:02  1706556      4    0    0          0         0        0              0             0              0               0    0       0      0           0 libgvfsdbus.so
    7fa99987b000 r--p 00036000 103:02  1706556      8    8    8          8         8        0              0             0              0               0    0       0      0           0 libgvfsdbus.so
    7fa99987d000 rw-p 00038000 103:02  1706556      4    4    4          4         4        0              0             0              0               0    0       0      0           0 libgvfsdbus.so
    7fa99987e000 ---p 00000000  00:00        0      4    0    0          0         0        0              0             0              0               0    0       0      0           0 
    7fa99987f000 rw-p 00000000  00:00        0   8192   12   12         12        12        0              0             0              0               0    0       0      0           0 
    7fa99a07f000 r--p 00000000 103:02  2490595    344  128    3        128         0        0              0             0              0               0    0       0      0           0 gschemas.compiled
    7fa99a0d5000 ---p 00000000  00:00        0      4    0    0          0         0        0              0             0              0               0    0       0      0           0 
    7fa99a0d6000 rw-p 00000000  00:00        0   8192    8    8          8         8        0              0             0              0               0    0       0      0           0 
    7fa99a8d6000 ---p 00000000  00:00        0      4    0    0          0         0        0              0             0              0               0    0       0      0           0 
    7fa99a8d7000 rw-p 00000000  00:00        0   8192    8    8          8         8        0              0             0              0               0    0       0      0           0 
    7fa99b0d7000 r--p 00000000 103:02  1055158   8644  612    5        612         0        0              0             0              0               0    0       0      0           0 locale-archive
    7fa99b948000 rw-p 00000000  00:00        0     16   16   16         16        16        0              0             0              0               0    0       0      0           0 
    7fa99b94c000 r--p 00000000 103:02  1056113     16   16    0         16         0        0              0             0              0               0    0       0      0           0 libgpg-error.so.0.28.0
    7fa99b950000 r-xp 00004000 103:02  1056113     76   76    0         76         0        0              0             0              0               0    0       0      0           0 libgpg-error.so.0.28.0
    7fa99b963000 r--p 00017000 103:02  1056113     40   40    0         40         0        0              0             0              0               0    0       0      0           0 libgpg-error.so.0.28.0
    7fa99b96d000 r--p 00020000 103:02  1056113      4    4    4          4         4        0              0             0              0               0    0       0      0           0 libgpg-error.so.0.28.0
    7fa99b96e000 rw-p 00021000 103:02  1056113      4    4    4          4         4        0              0             0              0               0    0       0      0           0 libgpg-error.so.0.28.0
    7fa99b96f000 rw-p 00000000  00:00        0      8    8    8          8         8        0              0             0              0               0    0       0      0           0 
    7fa99b971000 r--p 00000000 103:02  1055735     16   16    0         16         0        0              0             0              0               0    0       0      0           0 libbsd.so.0.10.0
    7fa99b975000 r-xp 00004000 103:02  1055735     60   56    0         56         0        0              0             0              0               0    0       0      0           0 libbsd.so.0.10.0
    7fa99b984000 r--p 00013000 103:02  1055735     12    0    0          0         0        0              0             0              0               0    0       0      0           0 libbsd.so.0.10.0
    7fa99b987000 ---p 00016000 103:02  1055735      4    0    0          0         0        0              0             0              0               0    0       0      0           0 libbsd.so.0.10.0
    7fa99b988000 r--p 00016000 103:02  1055735      4    4    4          4         4        0              0             0              0               0    0       0      0           0 libbsd.so.0.10.0
    7fa99b989000 rw-p 00017000 103:02  1055735      4    4    4          4         4        0              0             0              0               0    0       0      0           0 libbsd.so.0.10.0
    7fa99b98a000 rw-p 00000000  00:00        0      4    0    0          0         0        0              0             0              0               0    0       0      0           0 
    7fa99b98b000 r--p 00000000 103:02  1056937     80   80    5         80         0        0              0             0              0               0    0       0      0           0 libvorbisenc.so.2.0.11
    7fa99b99f000 r-xp 00014000 103:02  1056937     12   12    0         12         0        0              0             0              0               0    0       0      0           0 libvorbisenc.so.2.0.11
    7fa99b9a2000 r--p 00017000 103:02  1056937    476    0    0          0         0        0              0             0              0               0    0       0      0           0 libvorbisenc.so.2.0.11
    7fa99ba19000 r--p 0008d000 103:02  1056937    112  112  112        112       112        0              0             0              0               0    0       0      0           0 libvorbisenc.so.2.0.11
    7fa99ba35000 rw-p 000a9000 103:02  1056937      4    4    4          4         4        0              0             0              0               0    0       0      0           0 libvorbisenc.so.2.0.11
    7fa99ba36000 r--p 00000000 103:02  1056935     12   12    0         12         0        0              0             0              0               0    0       0      0           0 libvorbis.so.0.4.8
    7fa99ba39000 r-xp 00003000 103:02  1056935     92   60    1         60         0        0              0             0              0               0    0       0      0           0 libvorbis.so.0.4.8
    7fa99ba50000 r--p 0001a000 103:02  1056935     68    0    0          0         0        0              0             0              0               0    0       0      0           0 libvorbis.so.0.4.8
    7fa99ba61000 ---p 0002b000 103:02  1056935      4    0    0          0         0        0              0             0              0               0    0       0      0           0 libvorbis.so.0.4.8
    7fa99ba62000 r--p 0002b000 103:02  1056935      4    4    4          4         4        0              0             0              0               0    0       0      0           0 libvorbis.so.0.4.8
    7fa99ba63000 rw-p 0002c000 103:02  1056935      4    4    4          4         4        0              0             0              0               0    0       0      0           0 libvorbis.so.0.4.8
    7fa99ba64000 r--p 00000000 103:02  1056524      8    8    0          8         0        0              0             0              0               0    0       0      0           0 libogg.so.0.8.4
    7fa99ba66000 r-xp 00002000 103:02  1056524     20   16    0         16         0        0              0             0              0               0    0       0      0           0 libogg.so.0.8.4
    7fa99ba6b000 r--p 00007000 103:02  1056524     12    0    0          0         0        0              0             0              0               0    0       0      0           0 libogg.so.0.8.4
    7fa99ba6e000 ---p 0000a000 103:02  1056524      4    0    0          0         0        0              0             0              0               0    0       0      0           0 libogg.so.0.8.4
    7fa99ba6f000 r--p 0000a000 103:02  1056524      4    4    4          4         4        0              0             0              0               0    0       0      0           0 libogg.so.0.8.4
    7fa99ba70000 rw-p 0000b000 103:02  1056524      4    4    4          4         4        0              0             0              0               0    0       0      0           0 libogg.so.0.8.4
    7fa99ba71000 r--p 00000000 103:02  1048689     32   32    2         32         0        0              0             0              0               0    0       0      0           0 libFLAC.so.8.3.0
    7fa99ba79000 r-xp 00008000 103:02  1048689    164   60    4         60         0        0              0             0              0               0    0       0      0           0 libFLAC.so.8.3.0
    7fa99baa2000 r--p 00031000 103:02  1048689     40    0    0          0         0        0              0             0              0               0    0       0      0           0 libFLAC.so.8.3.0
    7fa99baac000 ---p 0003b000 103:02  1048689      4    0    0          0         0        0              0             0              0               0    0       0      0           0 libFLAC.so.8.3.0
    7fa99baad000 r--p 0003b000 103:02  1048689      4    4    4          4         4        0              0             0              0               0    0       0      0           0 libFLAC.so.8.3.0
    7fa99baae000 rw-p 0003c000 103:02  1048689      4    4    4          4         4        0              0             0              0               0    0       0      0           0 libFLAC.so.8.3.0
    7fa99baaf000 rw-p 00000000  00:00        0      8    8    8          8         8        0              0             0              0               0    0       0      0           0 
    7fa99bab1000 r--p 00000000 103:02  1055014     16   16    0         16         0        0              0             0              0               0    0       0      0           0 libnsl-2.31.so
    7fa99bab5000 r-xp 00004000 103:02  1055014     64   60    3         60         0        0              0             0              0               0    0       0      0           0 libnsl-2.31.so
    7fa99bac5000 r--p 00014000 103:02  1055014     20    0    0          0         0        0              0             0              0               0    0       0      0           0 libnsl-2.31.so
    7fa99baca000 r--p 00018000 103:02  1055014      4    4    4          4         4        0              0             0              0               0    0       0      0           0 libnsl-2.31.so
    7fa99bacb000 rw-p 00019000 103:02  1055014      4    4    4          4         4        0              0             0              0               0    0       0      0           0 libnsl-2.31.so
    7fa99bacc000 rw-p 00000000  00:00        0      8    0    0          0         0        0              0             0              0               0    0       0      0           0 
    7fa99bace000 r--p 00000000 103:02  1050930     48   48    0         48         0        0              0             0              0               0    0       0      0           0 libgcrypt.so.20.2.5
    7fa99bada000 r-xp 0000c000 103:02  1050930    824   64    0         64         0        0              0             0              0               0    0       0      0           0 libgcrypt.so.20.2.5
    7fa99bba8000 r--p 000da000 103:02  1050930    244    0    0          0         0        0              0             0              0               0    0       0      0           0 libgcrypt.so.20.2.5
    7fa99bbe5000 r--p 00116000 103:02  1050930      8    8    8          8         8        0              0             0              0               0    0       0      0           0 libgcrypt.so.20.2.5
    7fa99bbe7000 rw-p 00118000 103:02  1050930     20   20   20         20        20        0              0             0              0               0    0       0      0           0 libgcrypt.so.20.2.5
    7fa99bbec000 r--p 00000000 103:02  1049280      8    8    0          8         0        0              0             0              0               0    0       0      0           0 liblz4.so.1.9.2
    7fa99bbee000 r-xp 00002000 103:02  1049280    104   48    0         48         0        0              0             0              0               0    0       0      0           0 liblz4.so.1.9.2
    7fa99bc08000 r--p 0001c000 103:02  1049280     12    0    0          0         0        0              0             0              0               0    0       0      0           0 liblz4.so.1.9.2
    7fa99bc0b000 r--p 0001e000 103:02  1049280      4    4    4          4         4        0              0             0              0               0    0       0      0           0 liblz4.so.1.9.2
    7fa99bc0c000 rw-p 0001f000 103:02  1049280      4    4    4          4         4        0              0             0              0               0    0       0      0           0 liblz4.so.1.9.2
    7fa99bc0d000 r--p 00000000 103:02  1055848     12   12    0         12         0        0              0             0              0               0    0       0      0           0 liblzma.so.5.2.4
    7fa99bc10000 r-xp 00003000 103:02  1055848     96   32    0         32         0        0              0             0              0               0    0       0      0           0 liblzma.so.5.2.4
    7fa99bc28000 r--p 0001b000 103:02  1055848     44    0    0          0         0        0              0             0              0               0    0       0      0           0 liblzma.so.5.2.4
    7fa99bc33000 ---p 00026000 103:02  1055848      4    0    0          0         0        0              0             0              0               0    0       0      0           0 liblzma.so.5.2.4
    7fa99bc34000 r--p 00026000 103:02  1055848      4    4    4          4         4        0              0             0              0               0    0       0      0           0 liblzma.so.5.2.4
    7fa99bc35000 rw-p 00027000 103:02  1055848      4    4    4          4         4        0              0             0              0               0    0       0      0           0 liblzma.so.5.2.4
    7fa99bc36000 r--p 00000000 103:02  1055579      8    8    0          8         0        0              0             0              0               0    0       0      0           0 libXdmcp.so.6.0.0
    7fa99bc38000 r-xp 00002000 103:02  1055579      8    8    0          8         0        0              0             0              0               0    0       0      0           0 libXdmcp.so.6.0.0
    7fa99bc3a000 r--p 00004000 103:02  1055579      8    0    0          0         0        0              0             0              0               0    0       0      0           0 libXdmcp.so.6.0.0
    7fa99bc3c000 r--p 00005000 103:02  1055579      4    4    4          4         4        0              0             0              0               0    0       0      0           0 libXdmcp.so.6.0.0
    7fa99bc3d000 rw-p 00006000 103:02  1055579      4    4    4          4         4        0              0             0              0               0    0       0      0           0 libXdmcp.so.6.0.0
    7fa99bc3e000 r--p 00000000 103:02  1055568      4    4    0          4         0        0              0             0              0               0    0       0      0           0 libXau.so.6.0.0
    7fa99bc3f000 r-xp 00001000 103:02  1055568      8    8    0          8         0        0              0             0              0               0    0       0      0           0 libXau.so.6.0.0
    7fa99bc41000 r--p 00003000 103:02  1055568      4    0    0          0         0        0              0             0              0               0    0       0      0           0 libXau.so.6.0.0
    7fa99bc42000 r--p 00003000 103:02  1055568      4    4    4          4         4        0              0             0              0               0    0       0      0           0 libXau.so.6.0.0
    7fa99bc43000 rw-p 00004000 103:02  1055568      4    4    4          4         4        0              0             0              0               0    0       0      0           0 libXau.so.6.0.0
    7fa99bc44000 rw-p 00000000  00:00        0      8    8    8          8         8        0              0             0              0               0    0       0      0           0 
    7fa99bc46000 r--p 00000000 103:02  1055154      8    8    0          8         0        0              0             0              0               0    0       0      0           0 librt-2.31.so
    7fa99bc48000 r-xp 00002000 103:02  1055154     16   16    0         16         0        0              0             0              0               0    0       0      0           0 librt-2.31.so
    7fa99bc4c000 r--p 00006000 103:02  1055154      8    0    0          0         0        0              0             0              0               0    0       0      0           0 librt-2.31.so
    7fa99bc4e000 r--p 00007000 103:02  1055154      4    4    4          4         4        0              0             0              0               0    0       0      0           0 librt-2.31.so
    7fa99bc4f000 rw-p 00008000 103:02  1055154      4    4    4          4         4        0              0             0              0               0    0       0      0           0 librt-2.31.so
    7fa99bc50000 r--p 00000000 103:02  1048891     12   12    0         12         0        0              0             0              0               0    0       0      0           0 libapparmor.so.1.6.1
    7fa99bc53000 r-xp 00003000 103:02  1048891     36   36    1         36         0        0              0             0              0               0    0       0      0           0 libapparmor.so.1.6.1
    7fa99bc5c000 r--p 0000c000 103:02  1048891     28    0    0          0         0        0              0             0              0               0    0       0      0           0 libapparmor.so.1.6.1
    7fa99bc63000 r--p 00012000 103:02  1048891      4    4    4          4         4        0              0             0              0               0    0       0      0           0 libapparmor.so.1.6.1
    7fa99bc64000 rw-p 00013000 103:02  1048891      4    4    4          4         4        0              0             0              0               0    0       0      0           0 libapparmor.so.1.6.1
    7fa99bc65000 r-xp 00000000 103:02  1055656     20   20    1         20         0        0              0             0              0               0    0       0      0           0 libasyncns.so.0.3.1
    7fa99bc6a000 ---p 00005000 103:02  1055656   2044    0    0          0         0        0              0             0              0               0    0       0      0           0 libasyncns.so.0.3.1
    7fa99be69000 r--p 00004000 103:02  1055656      4    4    4          4         4        0              0             0              0               0    0       0      0           0 libasyncns.so.0.3.1
    7fa99be6a000 rw-p 00005000 103:02  1055656      4    4    4          4         4        0              0             0              0               0    0       0      0           0 libasyncns.so.0.3.1
    7fa99be6b000 r--p 00000000 103:02  1050397     28   28    1         28         0        0              0             0              0               0    0       0      0           0 libsndfile.so.1.0.28
    7fa99be72000 r-xp 00007000 103:02  1050397    332   60    4         60         0        0              0             0              0               0    0       0      0           0 libsndfile.so.1.0.28
    7fa99bec5000 r--p 0005a000 103:02  1050397    116    0    0          0         0        0              0             0              0               0    0       0      0           0 libsndfile.so.1.0.28
    7fa99bee2000 ---p 00077000 103:02  1050397      4    0    0          0         0        0              0             0              0               0    0       0      0           0 libsndfile.so.1.0.28
    7fa99bee3000 r--p 00077000 103:02  1050397     12   12   12         12        12        0              0             0              0               0    0       0      0           0 libsndfile.so.1.0.28
    7fa99bee6000 rw-p 0007a000 103:02  1050397      4    4    4          4         4        0              0             0              0               0    0       0      0           0 libsndfile.so.1.0.28
    7fa99bee7000 rw-p 00000000  00:00        0      8    0    0          0         0        0              0             0              0               0    0       0      0           0 
    7fa99bee9000 r--p 00000000 103:02  1056997     12   12    0         12         0        0              0             0              0               0    0       0      0           0 libwrap.so.0.7.6
    7fa99beec000 r-xp 00003000 103:02  1056997     20   20    1         20         0        0              0             0              0               0    0       0      0           0 libwrap.so.0.7.6
    7fa99bef1000 r--p 00008000 103:02  1056997      8    0    0          0         0        0              0             0              0               0    0       0      0           0 libwrap.so.0.7.6
    7fa99bef3000 r--p 00009000 103:02  1056997      4    4    4          4         4        0              0             0              0               0    0       0      0           0 libwrap.so.0.7.6
    7fa99bef4000 rw-p 0000a000 103:02  1056997      4    4    4          4         4        0              0             0              0               0    0       0      0           0 libwrap.so.0.7.6
    7fa99bef5000 r--p 00000000 103:02  1049237     64   64    0         64         0        0              0             0              0               0    0       0      0           0 libsystemd.so.0.28.0
    7fa99bf05000 r-xp 00010000 103:02  1049237    468   60    0         60         0        0              0             0              0               0    0       0      0           0 libsystemd.so.0.28.0
    7fa99bf7a000 r--p 00085000 103:02  1049237    148    0    0          0         0        0              0             0              0               0    0       0      0           0 libsystemd.so.0.28.0
    7fa99bf9f000 r--p 000a9000 103:02  1049237     12   12   12         12        12        0              0             0              0               0    0       0      0           0 libsystemd.so.0.28.0
    7fa99bfa2000 rw-p 000ac000 103:02  1049237      4    4    4          4         4        0              0             0              0               0    0       0      0           0 libsystemd.so.0.28.0
    7fa99bfa3000 rw-p 00000000  00:00        0     12    8    8          8         8        0              0             0              0               0    0       0      0           0 
    7fa99bfa6000 r--p 00000000 103:02  1057037     44   44    0         44         0        0              0             0              0               0    0       0      0           0 libxcb.so.1.1.0
    7fa99bfb1000 r-xp 0000b000 103:02  1057037     80   64    0         64         0        0              0             0              0               0    0       0      0           0 libxcb.so.1.1.0
    7fa99bfc5000 r--p 0001f000 103:02  1057037     36    0    0          0         0        0              0             0              0               0    0       0      0           0 libxcb.so.1.1.0
    7fa99bfce000 r--p 00027000 103:02  1057037      4    4    4          4         4        0              0             0              0               0    0       0      0           0 libxcb.so.1.1.0
    7fa99bfcf000 rw-p 00028000 103:02  1057037      4    4    4          4         4        0              0             0              0               0    0       0      0           0 libxcb.so.1.1.0
    7fa99bfd0000 r--p 00000000 103:02  1056883      8    8    0          8         0        0              0             0              0               0    0       0      0           0 libpcre2-8.so.0.9.0
    7fa99bfd2000 r-xp 00002000 103:02  1056883    404   60    0         60         0        0              0             0              0               0    0       0      0           0 libpcre2-8.so.0.9.0
    7fa99c037000 r--p 00067000 103:02  1056883    160    0    0          0         0        0              0             0              0               0    0       0      0           0 libpcre2-8.so.0.9.0
    7fa99c05f000 r--p 0008e000 103:02  1056883      4    4    4          4         4        0              0             0              0               0    0       0      0           0 libpcre2-8.so.0.9.0
    7fa99c060000 rw-p 0008f000 103:02  1056883      4    4    4          4         4        0              0             0              0               0    0       0      0           0 libpcre2-8.so.0.9.0
    7fa99c061000 r--p 00000000 103:02  1050812     40   40    0         40         0        0              0             0              0               0    0       0      0           0 libblkid.so.1.1.0
    7fa99c06b000 r-xp 0000a000 103:02  1050812    216   64    0         64         0        0              0             0              0               0    0       0      0           0 libblkid.so.1.1.0
    7fa99c0a1000 r--p 00040000 103:02  1050812     64    0    0          0         0        0              0             0              0               0    0       0      0           0 libblkid.so.1.1.0
    7fa99c0b1000 ---p 00050000 103:02  1050812      4    0    0          0         0        0              0             0              0               0    0       0      0           0 libblkid.so.1.1.0
    7fa99c0b2000 r--p 00050000 103:02  1050812     20   20   20         20        20        0              0             0              0               0    0       0      0           0 libblkid.so.1.1.0
    7fa99c0b7000 rw-p 00055000 103:02  1050812      4    4    4          4         4        0              0             0              0               0    0       0      0           0 libblkid.so.1.1.0
    7fa99c0b8000 r--p 00000000 103:02  1054456     52   52    0         52         0        0              0             0              0               0    0       0      0           0 libm-2.31.so
    7fa99c0c5000 r-xp 0000d000 103:02  1054456    668  292    2        292         0        0              0             0              0               0    0       0      0           0 libm-2.31.so
    7fa99c16c000 r--p 000b4000 103:02  1054456    612    0    0          0         0        0              0             0              0               0    0       0      0           0 libm-2.31.so
    7fa99c205000 r--p 0014c000 103:02  1054456      4    4    4          4         4        0              0             0              0               0    0       0      0           0 libm-2.31.so
    7fa99c206000 rw-p 0014d000 103:02  1054456      4    4    4          4         4        0              0             0              0               0    0       0      0           0 libm-2.31.so
    7fa99c207000 r--p 00000000 103:02  1048962     44   44    0         44         0        0              0             0              0               0    0       0      0           0 libdbus-1.so.3.19.11
    7fa99c212000 r-xp 0000b000 103:02  1048962    184   64    0         64         0        0              0             0              0               0    0       0      0           0 libdbus-1.so.3.19.11
    7fa99c240000 r--p 00039000 103:02  1048962     84    0    0          0         0        0              0             0              0               0    0       0      0           0 libdbus-1.so.3.19.11
    7fa99c255000 ---p 0004e000 103:02  1048962      4    0    0          0         0        0              0             0              0               0    0       0      0           0 libdbus-1.so.3.19.11
    7fa99c256000 r--p 0004e000 103:02  1048962      4    4    4          4         4        0              0             0              0               0    0       0      0           0 libdbus-1.so.3.19.11
    7fa99c257000 rw-p 0004f000 103:02  1048962      4    4    4          4         4        0              0             0              0               0    0       0      0           0 libdbus-1.so.3.19.11
    7fa99c258000 rw-p 00000000  00:00        0      8    8    8          8         8        0              0             0              0               0    0       0      0           0 
    7fa99c25a000 r--p 00000000 103:02  1703954     68   68    4         68         0        0              0             0              0               0    0       0      0           0 libpulsecommon-13.99.so
    7fa99c26b000 r-xp 00011000 103:02  1703954    288   64    4         64         0        0              0             0              0               0    0       0      0           0 libpulsecommon-13.99.so
    7fa99c2b3000 r--p 00059000 103:02  1703954    148    0    0          0         0        0              0             0              0               0    0       0      0           0 libpulsecommon-13.99.so
    7fa99c2d8000 ---p 0007e000 103:02  1703954      4    0    0          0         0        0              0             0              0               0    0       0      0           0 libpulsecommon-13.99.so
    7fa99c2d9000 r--p 0007e000 103:02  1703954      8    8    8          8         8        0              0             0              0               0    0       0      0           0 libpulsecommon-13.99.so
    7fa99c2db000 rw-p 00080000 103:02  1703954      4    4    4          4         4        0              0             0              0               0    0       0      0           0 libpulsecommon-13.99.so
    7fa99c2dc000 r--p 00000000 103:02  1054196      8    8    0          8         0        0              0             0              0               0    0       0      0           0 libpcre.so.3.13.3
    7fa99c2de000 r-xp 00002000 103:02  1054196    324   64    0         64         0        0              0             0              0               0    0       0      0           0 libpcre.so.3.13.3
    7fa99c32f000 r--p 00053000 103:02  1054196    120    0    0          0         0        0              0             0              0               0    0       0      0           0 libpcre.so.3.13.3
    7fa99c34d000 r--p 00070000 103:02  1054196      4    4    4          4         4        0              0             0              0               0    0       0      0           0 libpcre.so.3.13.3
    7fa99c34e000 rw-p 00071000 103:02  1054196      4    4    4          4         4        0              0             0              0               0    0       0      0           0 libpcre.so.3.13.3
    7fa99c34f000 r--p 00000000 103:02  1055969      8    8    0          8         0        0              0             0              0               0    0       0      0           0 libffi.so.7.1.0
    7fa99c351000 r-xp 00002000 103:02  1055969     24   24    0         24         0        0              0             0              0               0    0       0      0           0 libffi.so.7.1.0
    7fa99c357000 r--p 00008000 103:02  1055969      4    0    0          0         0        0              0             0              0               0    0       0      0           0 libffi.so.7.1.0
    7fa99c358000 ---p 00009000 103:02  1055969      4    0    0          0         0        0              0             0              0               0    0       0      0           0 libffi.so.7.1.0
    7fa99c359000 r--p 00009000 103:02  1055969      4    4    4          4         4        0              0             0              0               0    0       0      0           0 libffi.so.7.1.0
    7fa99c35a000 rw-p 0000a000 103:02  1055969      4    4    4          4         4        0              0             0              0               0    0       0      0           0 libffi.so.7.1.0
    7fa99c35b000 r--p 00000000 103:02  1055152     24   24    0         24         0        0              0             0              0               0    0       0      0           0 libpthread-2.31.so
    7fa99c361000 r-xp 00006000 103:02  1055152     68   68    0         68         0        0              0             0              0               0    0       0      0           0 libpthread-2.31.so
    7fa99c372000 r--p 00017000 103:02  1055152     24   24    0         24         0        0              0             0              0               0    0       0      0           0 libpthread-2.31.so
    7fa99c378000 r--p 0001c000 103:02  1055152      4    4    4          4         4        0              0             0              0               0    0       0      0           0 libpthread-2.31.so
    7fa99c379000 rw-p 0001d000 103:02  1055152      4    4    4          4         4        0              0             0              0               0    0       0      0           0 libpthread-2.31.so
    7fa99c37a000 rw-p 00000000  00:00        0     16    4    4          4         4        0              0             0              0               0    0       0      0           0 
    7fa99c37e000 r--p 00000000 103:02  1055153     16   16    0         16         0        0              0             0              0               0    0       0      0           0 libresolv-2.31.so
    7fa99c382000 r-xp 00004000 103:02  1055153     64   64    0         64         0        0              0             0              0               0    0       0      0           0 libresolv-2.31.so
    7fa99c392000 r--p 00014000 103:02  1055153     16    0    0          0         0        0              0             0              0               0    0       0      0           0 libresolv-2.31.so
    7fa99c396000 r--p 00017000 103:02  1055153      4    4    4          4         4        0              0             0              0               0    0       0      0           0 libresolv-2.31.so
    7fa99c397000 rw-p 00018000 103:02  1055153      4    4    4          4         4        0              0             0              0               0    0       0      0           0 libresolv-2.31.so
    7fa99c398000 rw-p 00000000  00:00        0     16    8    8          8         8        0              0             0              0               0    0       0      0           0 
    7fa99c39c000 r--p 00000000 103:02  1056739     24   24    0         24         0        0              0             0              0               0    0       0      0           0 libselinux.so.1
    7fa99c3a2000 r-xp 00006000 103:02  1056739    100   64    0         64         0        0              0             0              0               0    0       0      0           0 libselinux.so.1
    7fa99c3bb000 r--p 0001f000 103:02  1056739     28   28    0         28         0        0              0             0              0               0    0       0      0           0 libselinux.so.1
    7fa99c3c2000 ---p 00026000 103:02  1056739      4    0    0          0         0        0              0             0              0               0    0       0      0           0 libselinux.so.1
    7fa99c3c3000 r--p 00026000 103:02  1056739      4    4    4          4         4        0              0             0              0               0    0       0      0           0 libselinux.so.1
    7fa99c3c4000 rw-p 00027000 103:02  1056739      4    4    4          4         4        0              0             0              0               0    0       0      0           0 libselinux.so.1
    7fa99c3c5000 rw-p 00000000  00:00        0      8    4    4          4         4        0              0             0              0               0    0       0      0           0 
    7fa99c3c7000 r--p 00000000 103:02  1050826     44   44    0         44         0        0              0             0              0               0    0       0      0           0 libmount.so.1.1.0
    7fa99c3d2000 r-xp 0000b000 103:02  1050826    248   64    0         64         0        0              0             0              0               0    0       0      0           0 libmount.so.1.1.0
    7fa99c410000 r--p 00049000 103:02  1050826     76    0    0          0         0        0              0             0              0               0    0       0      0           0 libmount.so.1.1.0
    7fa99c423000 r--p 0005b000 103:02  1050826     12   12   12         12        12        0              0             0              0               0    0       0      0           0 libmount.so.1.1.0
    7fa99c426000 rw-p 0005e000 103:02  1050826      4    4    4          4         4        0              0             0              0               0    0       0      0           0 libmount.so.1.1.0
    7fa99c427000 r--p 00000000 103:02  1053804      4    4    0          4         0        0              0             0              0               0    0       0      0           0 libdl-2.31.so
    7fa99c428000 r-xp 00001000 103:02  1053804      8    8    0          8         0        0              0             0              0               0    0       0      0           0 libdl-2.31.so
    7fa99c42a000 r--p 00003000 103:02  1053804      4    4    0          4         0        0              0             0              0               0    0       0      0           0 libdl-2.31.so
    7fa99c42b000 r--p 00003000 103:02  1053804      4    4    4          4         4        0              0             0              0               0    0       0      0           0 libdl-2.31.so
    7fa99c42c000 rw-p 00004000 103:02  1053804      4    4    4          4         4        0              0             0              0               0    0       0      0           0 libdl-2.31.so
    7fa99c42d000 r--p 00000000 103:02  1049105      8    8    0          8         0        0              0             0              0               0    0       0      0           0 libz.so.1.2.11
    7fa99c42f000 r-xp 00002000 103:02  1049105     68   64    0         64         0        0              0             0              0               0    0       0      0           0 libz.so.1.2.11
    7fa99c440000 r--p 00013000 103:02  1049105     24    0    0          0         0        0              0             0              0               0    0       0      0           0 libz.so.1.2.11
    7fa99c446000 ---p 00019000 103:02  1049105      4    0    0          0         0        0              0             0              0               0    0       0      0           0 libz.so.1.2.11
    7fa99c447000 r--p 00019000 103:02  1049105      4    4    4          4         4        0              0             0              0               0    0       0      0           0 libz.so.1.2.11
    7fa99c448000 rw-p 0001a000 103:02  1049105      4    4    4          4         4        0              0             0              0               0    0       0      0           0 libz.so.1.2.11
    7fa99c449000 r--p 00000000 103:02  1051367      4    4    0          4         0        0              0             0              0               0    0       0      0           0 libgmodule-2.0.so.0.6400.6
    7fa99c44a000 r-xp 00001000 103:02  1051367      8    8    0          8         0        0              0             0              0               0    0       0      0           0 libgmodule-2.0.so.0.6400.6
    7fa99c44c000 r--p 00003000 103:02  1051367      4    4    0          4         0        0              0             0              0               0    0       0      0           0 libgmodule-2.0.so.0.6400.6
    7fa99c44d000 r--p 00003000 103:02  1051367      4    4    4          4         4        0              0             0              0               0    0       0      0           0 libgmodule-2.0.so.0.6400.6
    7fa99c44e000 rw-p 00004000 103:02  1051367      4    4    4          4         4        0              0             0              0               0    0       0      0           0 libgmodule-2.0.so.0.6400.6
    7fa99c44f000 r--p 00000000 103:02  1054685     20   20    0         20         0        0              0             0              0               0    0       0      0           0 libwayland-client.so.0.3.0
    7fa99c454000 r-xp 00005000 103:02  1054685     24   24    0         24         0        0              0             0              0               0    0       0      0           0 libwayland-client.so.0.3.0
    7fa99c45a000 r--p 0000b000 103:02  1054685     12    0    0          0         0        0              0             0              0               0    0       0      0           0 libwayland-client.so.0.3.0
    7fa99c45d000 r--p 0000d000 103:02  1054685      8    8    8          8         8        0              0             0              0               0    0       0      0           0 libwayland-client.so.0.3.0
    7fa99c45f000 rw-p 0000f000 103:02  1054685      4    4    4          4         4        0              0             0              0               0    0       0      0           0 libwayland-client.so.0.3.0
    7fa99c460000 rw-p 00000000  00:00        0      8    8    8          8         8        0              0             0              0               0    0       0      0           0 
    7fa99c462000 r--p 00000000 103:02  1053803    136  136    0        136         0        0              0             0              0               0    0       0      0           0 libc-2.31.so
    7fa99c484000 r-xp 00022000 103:02  1053803   1504 1252    5       1252         0        0              0             0              0               0    0       0      0           0 libc-2.31.so
    7fa99c5fc000 r--p 0019a000 103:02  1053803    312  200    1        200         0        0              0             0              0               0    0       0      0           0 libc-2.31.so
    7fa99c64a000 r--p 001e7000 103:02  1053803     16   16   16         16        16        0              0             0              0               0    0       0      0           0 libc-2.31.so
    7fa99c64e000 rw-p 001eb000 103:02  1053803      8    8    8          8         8        0              0             0              0               0    0       0      0           0 libc-2.31.so
    7fa99c650000 rw-p 00000000  00:00        0     16   12   12         12        12        0              0             0              0               0    0       0      0           0 
    7fa99c654000 r--p 00000000 103:02  1049810     48   48    3         48         0        0              0             0              0               0    0       0      0           0 libpulse.so.0.21.2
    7fa99c660000 r-xp 0000c000 103:02  1049810    192   64    4         64         0        0              0             0              0               0    0       0      0           0 libpulse.so.0.21.2
    7fa99c690000 r--p 0003c000 103:02  1049810     88    0    0          0         0        0              0             0              0               0    0       0      0           0 libpulse.so.0.21.2
    7fa99c6a6000 r--p 00051000 103:02  1049810      8    8    8          8         8        0              0             0              0               0    0       0      0           0 libpulse.so.0.21.2
    7fa99c6a8000 rw-p 00053000 103:02  1049810      4    4    4          4         4        0              0             0              0               0    0       0      0           0 libpulse.so.0.21.2
    7fa99c6a9000 r--p 00000000 103:02  1051366    112  112    0        112         0        0              0             0              0               0    0       0      0           0 libglib-2.0.so.0.6400.6
    7fa99c6c5000 r-xp 0001c000 103:02  1051366    528  528    3        528         0        0              0             0              0               0    0       0      0           0 libglib-2.0.so.0.6400.6
    7fa99c749000 r--p 000a0000 103:02  1051366    536  220    1        220         0        0              0             0              0               0    0       0      0           0 libglib-2.0.so.0.6400.6
    7fa99c7cf000 r--p 00125000 103:02  1051366      4    4    4          4         4        0              0             0              0               0    0       0      0           0 libglib-2.0.so.0.6400.6
    7fa99c7d0000 rw-p 00126000 103:02  1051366      4    4    4          4         4        0              0             0              0               0    0       0      0           0 libglib-2.0.so.0.6400.6
    7fa99c7d1000 rw-p 00000000  00:00        0      4    4    4          4         4        0              0             0              0               0    0       0      0           0 
    7fa99c7d2000 r--p 00000000 103:02  1051368     56   56    0         56         0        0              0             0              0               0    0       0      0           0 libgobject-2.0.so.0.6400.6
    7fa99c7e0000 r-xp 0000e000 103:02  1051368    216  216    1        216         0        0              0             0              0               0    0       0      0           0 libgobject-2.0.so.0.6400.6
    7fa99c816000 r--p 00044000 103:02  1051368     96   92    0         92         0        0              0             0              0               0    0       0      0           0 libgobject-2.0.so.0.6400.6
    7fa99c82e000 r--p 0005b000 103:02  1051368     12   12   12         12        12        0              0             0              0               0    0       0      0           0 libgobject-2.0.so.0.6400.6
    7fa99c831000 rw-p 0005e000 103:02  1051368      4    4    4          4         4        0              0             0              0               0    0       0      0           0 libgobject-2.0.so.0.6400.6
    7fa99c832000 r--p 00000000 103:02  1051057    224  224    1        224         0        0              0             0              0               0    0       0      0           0 libgio-2.0.so.0.6400.6
    7fa99c86a000 r-xp 00038000 103:02  1051057   1100 1076    9       1076         0        0              0             0              0               0    0       0      0           0 libgio-2.0.so.0.6400.6
    7fa99c97d000 r--p 0014b000 103:02  1051057    552  268    2        268         0        0              0             0              0               0    0       0      0           0 libgio-2.0.so.0.6400.6
    7fa99ca07000 r--p 001d4000 103:02  1051057     36   36   36         36        36        0              0             0              0               0    0       0      0           0 libgio-2.0.so.0.6400.6
    7fa99ca10000 rw-p 001dd000 103:02  1051057      4    4    4          4         4        0              0             0              0               0    0       0      0           0 libgio-2.0.so.0.6400.6
    7fa99ca11000 rw-p 00000000  00:00        0      8    8    8          8         8        0              0             0              0               0    0       0      0           0 
    7fa99ca14000 r--p 00000000 103:02 54004343     36   36    1         36         0        0              0             0              0               0    0       0      0           0 user (deleted)
    7fa99ca1d000 r--p 00000000 103:02  1706551     16   16    0         16         0        0              0             0              0               0    0       0      0           0 libdconfsettings.so
    7fa99ca21000 r-xp 00004000 103:02  1706551     32   32    0         32         0        0              0             0              0               0    0       0      0           0 libdconfsettings.so
    7fa99ca29000 r--p 0000c000 103:02  1706551     12   12    0         12         0        0              0             0              0               0    0       0      0           0 libdconfsettings.so
    7fa99ca2c000 ---p 0000f000 103:02  1706551      4    0    0          0         0        0              0             0              0               0    0       0      0           0 libdconfsettings.so
    7fa99ca2d000 r--p 0000f000 103:02  1706551      4    4    4          4         4        0              0             0              0               0    0       0      0           0 libdconfsettings.so
    7fa99ca2e000 rw-p 00010000 103:02  1706551      4    4    4          4         4        0              0             0              0               0    0       0      0           0 libdconfsettings.so
    7fa99ca2f000 r--p 00000000 103:02  1048984     32   32    1         32         0        0              0             0              0               0    0       0      0           0 libgsd.so
    7fa99ca37000 r-xp 00008000 103:02  1048984     36   36    1         36         0        0              0             0              0               0    0       0      0           0 libgsd.so
    7fa99ca40000 r--p 00011000 103:02  1048984     20   20    0         20         0        0              0             0              0               0    0       0      0           0 libgsd.so
    7fa99ca45000 ---p 00016000 103:02  1048984      4    0    0          0         0        0              0             0              0               0    0       0      0           0 libgsd.so
    7fa99ca46000 r--p 00016000 103:02  1048984      8    8    8          8         8        0              0             0              0               0    0       0      0           0 libgsd.so
    7fa99ca48000 rw-p 00018000 103:02  1048984      4    4    4          4         4        0              0             0              0               0    0       0      0           0 libgsd.so
    7fa99ca49000 rw-p 00000000  00:00        0      8    8    8          8         8        0              0             0              0               0    0       0      0           0 
    7fa99ca4b000 r--p 00000000 103:02  1048940      4    4    0          4         0        0              0             0              0               0    0       0      0           0 ld-2.31.so
    7fa99ca4c000 r-xp 00001000 103:02  1048940    140  140    0        140         0        0              0             0              0               0    0       0      0           0 ld-2.31.so
    7fa99ca6f000 r--p 00024000 103:02  1048940     32   32    0         32         0        0              0             0              0               0    0       0      0           0 ld-2.31.so
    7fa99ca77000 r--s 00000000  00:3d       37      4    4    0          4         0        0              0             0              0               0    0       0      0           0 user (deleted)
    7fa99ca78000 r--p 0002c000 103:02  1048940      4    4    4          4         4        0              0             0              0               0    0       0      0           0 ld-2.31.so
    7fa99ca79000 rw-p 0002d000 103:02  1048940      4    4    4          4         4        0              0             0              0               0    0       0      0           0 ld-2.31.so
    7fa99ca7a000 rw-p 00000000  00:00        0      4    4    4          4         4        0              0             0              0               0    0       0      0           0 
    7fff91ed4000 rw-p 00000000  00:00        0    132   16   16         16        16        0              0             0              0               0    0       0      0           0 [stack]
    7fff91efc000 r--p 00000000  00:00        0     16    0    0          0         0        0              0             0              0               0    0       0      0           0 [vvar]
    7fff91f00000 r-xp 00000000  00:00        0      8    4    0          4         0        0              0             0              0               0    0       0      0           0 [vdso]
ffffffffff600000 --xp 00000000  00:00        0      4    0    0          0         0        0              0             0              0               0    0       0      0           0 [vsyscall]
                                               ====== ==== ==== ========== ========= ======== ============== ============= ============== =============== ==== ======= ====== =========== 
                                               322600 9956 1318       9956      1228        0              0             0              0               0    0       0      0           0 KB 

linux 提供了 brk/sbrk 系统调用，用户可以使用它们来申请堆空间。一般不会直接使用，而是利用一些封装后的接口，如 malloc
  https://blog.csdn.net/weixin_42730667/article/details/121113433

linux vsyscall / vsdo / vvar
  https://blog.csdn.net/weixin_29536515/article/details/116575280

  简单来说，就是加快系统调用的相应速度。比如时间信息是由内核管理，用户想要快速得到当前时间，就可以利用 glibc 等封装好的接口，
利用 vsdo 将时间信息映射到用户空间 vvar 地址处，只不过这段空间的访问属性会变成只读的。此时用户就可以非常便捷的进行数据读取

多级页表设计:
  https://cloud.tencent.com/developer/article/2139695?from=15425

MMU / TLB / Cache:
  https://zhuanlan.zhihu.com/p/108425561
  https://blog.csdn.net/qq_41596356/article/details/122360914
  https://blog.csdn.net/qq_41596356/article/details/122302652